time	V(n003)
0.000000000000000e+00	0.000000e+00
9.999999717180685e-10	5.000000e-10
1.999999943436137e-09	1.000000e-09
3.999999886872274e-09	2.000000e-09
7.999999773744548e-09	4.000000e-09
1.599999954748910e-08	8.000000e-09
3.199999909497819e-08	1.600000e-08
6.399999818995639e-08	3.200000e-08
1.279999963799128e-07	6.400000e-08
2.559999927598255e-07	1.280000e-07
5.119999855196511e-07	2.560000e-07
1.023999971039302e-06	5.120000e-07
2.047999942078604e-06	1.024000e-06
4.095999884157209e-06	2.048000e-06
8.191999768314417e-06	4.096000e-06
1.638399953662883e-05	8.192000e-06
3.276799907325767e-05	1.638400e-05
6.553599814651534e-05	3.276800e-05
1.310719962930307e-04	6.553600e-05
2.621439925860614e-04	1.310720e-04
5.242879851721227e-04	2.621440e-04
1.048575970344245e-03	5.242880e-04
2.097151940688491e-03	1.048576e-03
4.194303881376982e-03	2.097152e-03
8.388607762753963e-03	4.194304e-03
1.677721552550793e-02	8.388608e-03
2.654284052550793e-02	1.327142e-02
3.630846552550793e-02	1.815423e-02
4.607409052550793e-02	2.303705e-02
5.583971552550793e-02	2.791986e-02
6.560534052550793e-02	3.280267e-02
7.537096552550793e-02	3.768548e-02
8.513659052550793e-02	4.256830e-02
9.490221552550793e-02	4.745111e-02
1.046678405255079e-01	5.233392e-02
1.144334655255079e-01	5.721673e-02
1.241990905255079e-01	6.209955e-02
1.339647155255079e-01	6.698236e-02
1.437303405255079e-01	7.186517e-02
1.534959655255079e-01	7.674798e-02
1.632615905255079e-01	8.163080e-02
1.730272155255079e-01	8.651361e-02
1.827928405255079e-01	9.139642e-02
1.925584655255079e-01	9.627923e-02
2.023240905255079e-01	1.011620e-01
2.120897155255079e-01	1.060449e-01
2.218553405255079e-01	1.109277e-01
2.316209655255079e-01	1.158105e-01
2.413865905255079e-01	1.206933e-01
2.511522155255079e-01	1.255761e-01
2.609178405255079e-01	1.304589e-01
2.706834655255079e-01	1.353417e-01
2.804490905255079e-01	1.402245e-01
2.902147155255079e-01	1.451074e-01
2.999803405255079e-01	1.499902e-01
3.097459655255079e-01	1.548730e-01
3.195115905255079e-01	1.597558e-01
3.292772155255079e-01	1.646386e-01
3.390428405255079e-01	1.695214e-01
3.488084655255079e-01	1.744042e-01
3.585740905255079e-01	1.792870e-01
3.683397155255079e-01	1.841699e-01
3.781053405255079e-01	1.890527e-01
3.878709655255079e-01	1.939355e-01
3.976365905255079e-01	1.988183e-01
4.074022155255079e-01	2.037011e-01
4.171678405255079e-01	2.085839e-01
4.269334655255079e-01	2.134667e-01
4.366990905255079e-01	2.183495e-01
4.464647155255079e-01	2.232324e-01
4.562303405255079e-01	2.281152e-01
4.659959655255079e-01	2.329980e-01
4.757615905255079e-01	2.378808e-01
4.855272155255079e-01	2.427636e-01
4.952928405255079e-01	2.476464e-01
5.050584655255079e-01	2.525292e-01
5.148240905255079e-01	2.574120e-01
5.245897155255079e-01	2.622949e-01
5.343553405255079e-01	2.671777e-01
5.441209655255079e-01	2.720605e-01
5.538865905255079e-01	2.769433e-01
5.636522155255079e-01	2.818261e-01
5.734178405255079e-01	2.867089e-01
5.831834655255079e-01	2.915917e-01
5.929490905255079e-01	2.964745e-01
6.027147155255079e-01	3.013574e-01
6.124803405255079e-01	3.062402e-01
6.222459655255079e-01	3.111230e-01
6.320115905255079e-01	3.160058e-01
6.417772155255079e-01	3.208886e-01
6.515428405255079e-01	3.257714e-01
6.613084655255079e-01	3.306542e-01
6.710740905255079e-01	3.355370e-01
6.808397155255079e-01	3.404199e-01
6.906053405255079e-01	3.453027e-01
7.003709655255079e-01	3.501855e-01
7.101365905255079e-01	3.550683e-01
7.199022155255079e-01	3.599511e-01
7.296678405255079e-01	3.648339e-01
7.394334655255079e-01	3.697167e-01
7.491990905255079e-01	3.745995e-01
7.589647155255079e-01	3.794824e-01
7.687303405255079e-01	3.843652e-01
7.784959655255079e-01	3.892480e-01
7.882615905255079e-01	3.941308e-01
7.980272155255079e-01	3.990136e-01
8.077928405255079e-01	4.038964e-01
8.175584655255079e-01	4.087792e-01
8.273240905255079e-01	4.136620e-01
8.370897155255079e-01	4.185449e-01
8.468553405255079e-01	4.234277e-01
8.566209655255079e-01	4.283105e-01
8.663865905255079e-01	4.331933e-01
8.761522155255079e-01	4.380761e-01
8.859178405255079e-01	4.429589e-01
8.956834655255079e-01	4.478417e-01
9.054490905255079e-01	4.527245e-01
9.152147155255079e-01	4.576074e-01
9.249803405255079e-01	4.624902e-01
9.347459655255079e-01	4.673730e-01
9.445115905255079e-01	4.722558e-01
9.542772155255079e-01	4.771386e-01
9.640428405255079e-01	4.820214e-01
9.738084655255079e-01	4.869042e-01
9.835740905255079e-01	4.917870e-01
9.933397155255079e-01	4.966699e-01
1.003105340525508e+00	5.015526e-01
1.012870965525508e+00	5.064355e-01
1.022636590525508e+00	5.113183e-01
1.032402215525508e+00	5.162011e-01
1.042167840525508e+00	5.210839e-01
1.051933465525508e+00	5.259667e-01
1.061699090525508e+00	5.308495e-01
1.071464715525508e+00	5.357323e-01
1.081230340525508e+00	5.406151e-01
1.090995965525508e+00	5.454980e-01
1.100761590525508e+00	5.503808e-01
1.110527215525508e+00	5.552636e-01
1.120292840525508e+00	5.601464e-01
1.130058465525508e+00	5.650292e-01
1.139824090525508e+00	5.699120e-01
1.149589715525508e+00	5.747948e-01
1.159355340525508e+00	5.796776e-01
1.169120965525508e+00	5.845605e-01
1.178886590525508e+00	5.894433e-01
1.188652215525508e+00	5.943261e-01
1.198417840525508e+00	5.992089e-01
1.208183465525508e+00	6.040917e-01
1.217949090525508e+00	6.089745e-01
1.227714715525508e+00	6.138573e-01
1.237480340525508e+00	6.187401e-01
1.247245965525508e+00	6.236230e-01
1.257011590525508e+00	6.285058e-01
1.266777215525508e+00	6.333886e-01
1.276542840525508e+00	6.382714e-01
1.286308465525508e+00	6.431542e-01
1.296074090525508e+00	6.480370e-01
1.305839715525508e+00	6.529198e-01
1.315605340525508e+00	6.578026e-01
1.325370965525508e+00	6.626855e-01
1.335136590525508e+00	6.675683e-01
1.344902215525508e+00	6.724511e-01
1.354667840525508e+00	6.773339e-01
1.364433465525508e+00	6.822167e-01
1.374199090525508e+00	6.870995e-01
1.383964715525508e+00	6.919823e-01
1.393730340525508e+00	6.968651e-01
1.403495965525508e+00	7.017480e-01
1.413261590525508e+00	7.066308e-01
1.423027215525508e+00	7.115136e-01
1.432792840525508e+00	7.163964e-01
1.442558465525508e+00	7.212792e-01
1.452324090525508e+00	7.261620e-01
1.462089715525508e+00	7.310448e-01
1.471855340525508e+00	7.359276e-01
1.481620965525508e+00	7.408105e-01
1.491386590525508e+00	7.456933e-01
1.501152215525508e+00	7.505761e-01
1.510917840525508e+00	7.554589e-01
1.520683465525508e+00	7.603417e-01
1.530449090525508e+00	7.652245e-01
1.540214715525508e+00	7.701073e-01
1.549980340525508e+00	7.749901e-01
1.559745965525508e+00	7.798730e-01
1.569511590525508e+00	7.847558e-01
1.579277215525508e+00	7.896386e-01
1.589042840525508e+00	7.945214e-01
1.598808465525508e+00	7.994042e-01
1.608574090525508e+00	8.042870e-01
1.618339715525508e+00	8.091698e-01
1.628105340525508e+00	8.140526e-01
1.637870965525508e+00	8.189355e-01
1.647636590525508e+00	8.238183e-01
1.657402215525508e+00	8.287011e-01
1.667167840525508e+00	8.335839e-01
1.676933465525508e+00	8.384667e-01
1.686699090525508e+00	8.433495e-01
1.696464715525508e+00	8.482323e-01
1.706230340525508e+00	8.531151e-01
1.715995965525508e+00	8.579980e-01
1.725761590525508e+00	8.628808e-01
1.735527215525508e+00	8.677636e-01
1.745292840525508e+00	8.726464e-01
1.755058465525508e+00	8.775292e-01
1.764824090525508e+00	8.824120e-01
1.774589715525508e+00	8.872948e-01
1.784355340525508e+00	8.921776e-01
1.794120965525508e+00	8.970605e-01
1.803886590525508e+00	9.019433e-01
1.813652215525508e+00	9.068261e-01
1.823417840525508e+00	9.117089e-01
1.833183465525508e+00	9.165917e-01
1.842949090525508e+00	9.214745e-01
1.852714715525508e+00	9.263573e-01
1.862480340525508e+00	9.312401e-01
1.872245965525508e+00	9.361230e-01
1.882011590525508e+00	9.410058e-01
1.891777215525508e+00	9.458886e-01
1.901542840525508e+00	9.507714e-01
1.911308465525508e+00	9.556542e-01
1.921074090525508e+00	9.605370e-01
1.930839715525508e+00	9.654198e-01
1.940605340525508e+00	9.703026e-01
1.950370965525508e+00	9.751855e-01
1.960136590525508e+00	9.800683e-01
1.969902215525508e+00	9.849511e-01
1.979667840525508e+00	9.898339e-01
1.989433465525508e+00	9.947167e-01
1.999199090525508e+00	9.995995e-01
2.008964715525508e+00	1.004482e+00
2.018730340525508e+00	1.009365e+00
2.028495965525508e+00	1.014248e+00
2.038261590525508e+00	1.019131e+00
2.048027215525508e+00	1.024014e+00
2.057792840525508e+00	1.028896e+00
2.067558465525508e+00	1.033779e+00
2.077324090525508e+00	1.038662e+00
2.087089715525508e+00	1.043545e+00
2.096855340525508e+00	1.048428e+00
2.106620965525508e+00	1.053311e+00
2.116386590525508e+00	1.058193e+00
2.126152215525508e+00	1.063076e+00
2.135917840525508e+00	1.067959e+00
2.145683465525508e+00	1.072842e+00
2.155449090525508e+00	1.077725e+00
2.165214715525508e+00	1.082607e+00
2.174980340525508e+00	1.087490e+00
2.184745965525508e+00	1.092373e+00
2.194511590525508e+00	1.097256e+00
2.204277215525508e+00	1.102139e+00
2.214042840525508e+00	1.107021e+00
2.223808465525508e+00	1.111904e+00
2.233574090525508e+00	1.116787e+00
2.243339715525508e+00	1.121670e+00
2.253105340525508e+00	1.126553e+00
2.262870965525508e+00	1.131436e+00
2.272636590525508e+00	1.136318e+00
2.282402215525508e+00	1.141201e+00
2.292167840525508e+00	1.146084e+00
2.301933465525508e+00	1.150967e+00
2.311699090525508e+00	1.155850e+00
2.321464715525508e+00	1.160732e+00
2.331230340525508e+00	1.165615e+00
2.340995965525508e+00	1.170498e+00
2.350761590525508e+00	1.175381e+00
2.360527215525508e+00	1.180264e+00
2.370292840525508e+00	1.185146e+00
2.380058465525508e+00	1.190029e+00
2.389824090525508e+00	1.194912e+00
2.399589715525508e+00	1.199795e+00
2.409355340525508e+00	1.204678e+00
2.419120965525508e+00	1.209561e+00
2.428886590525508e+00	1.214443e+00
2.438652215525508e+00	1.219326e+00
2.448417840525508e+00	1.224209e+00
2.458183465525508e+00	1.229092e+00
2.467949090525508e+00	1.233975e+00
2.477714715525508e+00	1.238857e+00
2.487480340525508e+00	1.243740e+00
2.497245965525508e+00	1.248623e+00
2.507011590525508e+00	1.253506e+00
2.516777215525508e+00	1.258389e+00
2.526542840525508e+00	1.263271e+00
2.536308465525508e+00	1.268154e+00
2.546074090525508e+00	1.273037e+00
2.555839715525508e+00	1.277920e+00
2.565605340525508e+00	1.282803e+00
2.575370965525508e+00	1.287686e+00
2.585136590525508e+00	1.292568e+00
2.594902215525508e+00	1.297451e+00
2.604667840525508e+00	1.302334e+00
2.614433465525508e+00	1.307217e+00
2.624199090525508e+00	1.312100e+00
2.633964715525508e+00	1.316982e+00
2.643730340525508e+00	1.321865e+00
2.653495965525508e+00	1.326748e+00
2.663261590525508e+00	1.331631e+00
2.673027215525508e+00	1.336514e+00
2.682792840525508e+00	1.341396e+00
2.692558465525508e+00	1.346279e+00
2.702324090525508e+00	1.351162e+00
2.712089715525508e+00	1.356045e+00
2.721855340525508e+00	1.360928e+00
2.731620965525508e+00	1.365811e+00
2.741386590525508e+00	1.370693e+00
2.751152215525508e+00	1.375576e+00
2.760917840525508e+00	1.380459e+00
2.770683465525508e+00	1.385342e+00
2.780449090525508e+00	1.390225e+00
2.790214715525508e+00	1.395107e+00
2.799980340525508e+00	1.399990e+00
2.809745965525508e+00	1.404873e+00
2.819511590525508e+00	1.409756e+00
2.829277215525508e+00	1.414639e+00
2.839042840525508e+00	1.419521e+00
2.848808465525508e+00	1.424404e+00
2.858574090525508e+00	1.429287e+00
2.868339715525508e+00	1.434170e+00
2.878105340525508e+00	1.439053e+00
2.887870965525508e+00	1.443936e+00
2.897636590525508e+00	1.448818e+00
2.907402215525508e+00	1.453701e+00
2.917167840525508e+00	1.458584e+00
2.926933465525508e+00	1.463467e+00
2.936699090525508e+00	1.468350e+00
2.946464715525508e+00	1.473232e+00
2.956230340525508e+00	1.478115e+00
2.965995965525508e+00	1.482998e+00
2.975761590525508e+00	1.487881e+00
2.985527215525508e+00	1.492764e+00
2.995292840525508e+00	1.497646e+00
3.005058465525508e+00	1.502529e+00
3.014824090525508e+00	1.507412e+00
3.024589715525508e+00	1.512295e+00
3.034355340525508e+00	1.517178e+00
3.044120965525508e+00	1.522061e+00
3.053886590525508e+00	1.526943e+00
3.063652215525508e+00	1.531826e+00
3.073417840525508e+00	1.536709e+00
3.083183465525508e+00	1.541592e+00
3.092949090525508e+00	1.546475e+00
3.102714715525508e+00	1.551357e+00
3.112480340525508e+00	1.556240e+00
3.122245965525508e+00	1.561123e+00
3.132011590525508e+00	1.566006e+00
3.141777215525508e+00	1.570889e+00
3.151542840525508e+00	1.575771e+00
3.161308465525508e+00	1.580654e+00
3.171074090525508e+00	1.585537e+00
3.180839715525508e+00	1.590420e+00
3.190605340525508e+00	1.595303e+00
3.200370965525508e+00	1.600186e+00
3.210136590525508e+00	1.605068e+00
3.219902215525508e+00	1.609951e+00
3.229667840525508e+00	1.614834e+00
3.239433465525508e+00	1.619717e+00
3.249199090525508e+00	1.624600e+00
3.258964715525508e+00	1.629482e+00
3.268730340525508e+00	1.634365e+00
3.278495965525508e+00	1.639248e+00
3.288261590525508e+00	1.644131e+00
3.298027215525508e+00	1.649014e+00
3.307792840525508e+00	1.653896e+00
3.317558465525508e+00	1.658779e+00
3.327324090525508e+00	1.663662e+00
3.337089715525508e+00	1.668545e+00
3.346855340525508e+00	1.673428e+00
3.356620965525508e+00	1.678311e+00
3.366386590525508e+00	1.683193e+00
3.376152215525508e+00	1.688076e+00
3.385917840525508e+00	1.692959e+00
3.395683465525508e+00	1.697842e+00
3.405449090525508e+00	1.702725e+00
3.415214715525508e+00	1.707607e+00
3.424980340525508e+00	1.712490e+00
3.434745965525508e+00	1.717373e+00
3.444511590525508e+00	1.722256e+00
3.454277215525508e+00	1.727139e+00
3.464042840525508e+00	1.732021e+00
3.473808465525508e+00	1.736904e+00
3.483574090525508e+00	1.741787e+00
3.493339715525508e+00	1.746670e+00
3.503105340525508e+00	1.751553e+00
3.512870965525508e+00	1.756436e+00
3.522636590525508e+00	1.761318e+00
3.532402215525508e+00	1.766201e+00
3.542167840525508e+00	1.771084e+00
3.551933465525508e+00	1.775967e+00
3.561699090525508e+00	1.780850e+00
3.571464715525508e+00	1.785732e+00
3.581230340525508e+00	1.790615e+00
3.590995965525508e+00	1.795498e+00
3.600761590525508e+00	1.800381e+00
3.610527215525508e+00	1.805264e+00
3.620292840525508e+00	1.810146e+00
3.630058465525508e+00	1.815029e+00
3.639824090525508e+00	1.819912e+00
3.649589715525508e+00	1.824795e+00
3.659355340525508e+00	1.829678e+00
3.669120965525508e+00	1.834561e+00
3.678886590525508e+00	1.839443e+00
3.688652215525508e+00	1.844326e+00
3.698417840525508e+00	1.849209e+00
3.708183465525508e+00	1.854092e+00
3.717949090525508e+00	1.858975e+00
3.727714715525508e+00	1.863857e+00
3.737480340525508e+00	1.868740e+00
3.747245965525508e+00	1.873623e+00
3.757011590525508e+00	1.878506e+00
3.766777215525508e+00	1.883389e+00
3.776542840525508e+00	1.888271e+00
3.786308465525508e+00	1.893154e+00
3.796074090525508e+00	1.898037e+00
3.805839715525508e+00	1.902920e+00
3.815605340525508e+00	1.907803e+00
3.825370965525508e+00	1.912686e+00
3.835136590525508e+00	1.917568e+00
3.844902215525508e+00	1.922451e+00
3.854667840525508e+00	1.927334e+00
3.864433465525508e+00	1.932217e+00
3.874199090525508e+00	1.937100e+00
3.883964715525508e+00	1.941982e+00
3.893730340525508e+00	1.946865e+00
3.903495965525508e+00	1.951748e+00
3.913261590525508e+00	1.956631e+00
3.923027215525508e+00	1.961514e+00
3.932792840525508e+00	1.966396e+00
3.942558465525508e+00	1.971279e+00
3.952324090525508e+00	1.976162e+00
3.962089715525508e+00	1.981045e+00
3.971855340525508e+00	1.985928e+00
3.981620965525508e+00	1.990811e+00
3.991386590525508e+00	1.995693e+00
4.001152215525508e+00	2.000576e+00
4.010917840525508e+00	2.005459e+00
4.020683465525508e+00	2.010342e+00
4.030449090525508e+00	2.015224e+00
4.040214715525508e+00	2.020107e+00
4.049980340525508e+00	2.024990e+00
4.059745965525508e+00	2.029873e+00
4.069511590525508e+00	2.034756e+00
4.079277215525508e+00	2.039639e+00
4.089042840525508e+00	2.044521e+00
4.098808465525508e+00	2.049404e+00
4.108574090525508e+00	2.054287e+00
4.118339715525508e+00	2.059170e+00
4.128105340525508e+00	2.064053e+00
4.137870965525508e+00	2.068935e+00
4.147636590525508e+00	2.073818e+00
4.157402215525508e+00	2.078701e+00
4.167167840525508e+00	2.083584e+00
4.176933465525508e+00	2.088467e+00
4.186699090525508e+00	2.093349e+00
4.196464715525508e+00	2.098232e+00
4.206230340525508e+00	2.103115e+00
4.215995965525508e+00	2.107998e+00
4.225761590525508e+00	2.112881e+00
4.235527215525508e+00	2.117764e+00
4.245292840525508e+00	2.122646e+00
4.255058465525508e+00	2.127529e+00
4.264824090525508e+00	2.132412e+00
4.274589715525508e+00	2.137295e+00
4.284355340525508e+00	2.142178e+00
4.294120965525508e+00	2.147060e+00
4.303886590525508e+00	2.151943e+00
4.313652215525508e+00	2.156826e+00
4.323417840525508e+00	2.161709e+00
4.333183465525508e+00	2.166592e+00
4.342949090525508e+00	2.171474e+00
4.352714715525508e+00	2.176357e+00
4.362480340525508e+00	2.181240e+00
4.372245965525508e+00	2.186123e+00
4.382011590525508e+00	2.191006e+00
4.391777215525508e+00	2.195889e+00
4.401542840525508e+00	2.200771e+00
4.411308465525508e+00	2.205654e+00
4.421074090525508e+00	2.210537e+00
4.430839715525508e+00	2.215420e+00
4.440605340525508e+00	2.220303e+00
4.450370965525508e+00	2.225185e+00
4.460136590525508e+00	2.230068e+00
4.469902215525508e+00	2.234951e+00
4.479667840525508e+00	2.239834e+00
4.489433465525508e+00	2.244717e+00
4.499199090525508e+00	2.249599e+00
4.508964715525508e+00	2.254482e+00
4.518730340525508e+00	2.259365e+00
4.528495965525508e+00	2.264248e+00
4.538261590525508e+00	2.269131e+00
4.548027215525508e+00	2.274014e+00
4.557792840525508e+00	2.278896e+00
4.567558465525508e+00	2.283779e+00
4.577324090525508e+00	2.288662e+00
4.587089715525508e+00	2.293545e+00
4.596855340525508e+00	2.298428e+00
4.606620965525508e+00	2.303310e+00
4.616386590525508e+00	2.308193e+00
4.626152215525508e+00	2.313076e+00
4.635917840525508e+00	2.317959e+00
4.645683465525508e+00	2.322842e+00
4.655449090525508e+00	2.327724e+00
4.665214715525508e+00	2.332607e+00
4.674980340525508e+00	2.337490e+00
4.684745965525508e+00	2.342373e+00
4.694511590525508e+00	2.347256e+00
4.704277215525508e+00	2.352139e+00
4.714042840525508e+00	2.357021e+00
4.723808465525508e+00	2.361904e+00
4.733574090525508e+00	2.366787e+00
4.743339715525508e+00	2.371670e+00
4.753105340525508e+00	2.376553e+00
4.762870965525508e+00	2.381435e+00
4.772636590525508e+00	2.386318e+00
4.782402215525508e+00	2.391201e+00
4.792167840525508e+00	2.396084e+00
4.801933465525508e+00	2.400967e+00
4.811699090525508e+00	2.405849e+00
4.821464715525508e+00	2.410732e+00
4.831230340525508e+00	2.415615e+00
4.840995965525508e+00	2.420498e+00
4.850761590525508e+00	2.425381e+00
4.860527215525508e+00	2.430264e+00
4.870292840525508e+00	2.435146e+00
4.880058465525508e+00	2.440029e+00
4.889824090525508e+00	2.444912e+00
4.899589715525508e+00	2.449795e+00
4.909355340525508e+00	2.454678e+00
4.919120965525508e+00	2.459560e+00
4.928886590525508e+00	2.464443e+00
4.938652215525508e+00	2.469326e+00
4.948417840525508e+00	2.474209e+00
4.958183465525508e+00	2.479092e+00
4.967949090525508e+00	2.483974e+00
4.977714715525508e+00	2.488857e+00
4.987480340525508e+00	2.493740e+00
4.997245965525508e+00	2.498623e+00
4.997246965525508e+00	2.498623e+00
4.997262965525508e+00	2.498631e+00
4.997294965525508e+00	2.498647e+00
4.997358965525508e+00	2.498679e+00
4.997486965525508e+00	2.498744e+00
4.997742965525508e+00	2.498872e+00
4.998254965525508e+00	2.499127e+00
4.999278965525508e+00	2.499640e+00
4.999534965525508e+00	2.499768e+00
5.000046965525508e+00	2.500023e+00
5.000144747553925e+00	2.500072e+00
5.000340311610760e+00	2.500170e+00
5.000731439724429e+00	2.500366e+00
5.000732439724429e+00	2.500366e+00
5.000748439724429e+00	2.500374e+00
5.000749439724429e+00	2.500375e+00
5.000765439724429e+00	2.500383e+00
5.000766439724429e+00	2.500383e+00
5.000782439724428e+00	2.500391e+00
5.000783439724429e+00	2.500392e+00
5.000799439724428e+00	2.500400e+00
5.000800439724428e+00	2.500400e+00
5.000816439724428e+00	2.500408e+00
5.000817439724428e+00	2.500409e+00
5.000833439724428e+00	2.500417e+00
5.000834439724428e+00	2.500417e+00
5.000850439724427e+00	2.500425e+00
5.000851439724427e+00	2.500426e+00
5.000867439724427e+00	2.500434e+00
5.000868439724427e+00	2.500434e+00
5.000884439724427e+00	2.500442e+00
5.000885439724427e+00	2.500443e+00
5.000901439724426e+00	2.500451e+00
5.000902439724427e+00	2.500451e+00
5.000918439724426e+00	2.500459e+00
5.000919439724426e+00	2.500460e+00
5.000935439724426e+00	2.500468e+00
5.000936439724426e+00	2.500468e+00
5.000952439724426e+00	2.500476e+00
5.000953439724426e+00	2.500477e+00
5.000969439724425e+00	2.500485e+00
5.000970439724425e+00	2.500485e+00
5.000986439724425e+00	2.500493e+00
5.000987439724425e+00	2.500494e+00
5.001003439724425e+00	2.500502e+00
5.001004439724425e+00	2.500502e+00
5.001020439724424e+00	2.500510e+00
5.001021439724425e+00	2.500511e+00
5.001037439724424e+00	2.500519e+00
5.001038439724424e+00	2.500519e+00
5.001054439724424e+00	2.500527e+00
5.001055439724424e+00	2.500528e+00
5.001071439724424e+00	2.500536e+00
5.001072439724424e+00	2.500536e+00
5.001088439724423e+00	2.500544e+00
5.001089439724423e+00	2.500545e+00
5.001105439724423e+00	2.500553e+00
5.001106439724423e+00	2.500553e+00
5.001122439724423e+00	2.500561e+00
5.001123439724423e+00	2.500562e+00
5.001139439724422e+00	2.500570e+00
5.001140439724423e+00	2.500570e+00
5.001156439724422e+00	2.500578e+00
5.001157439724422e+00	2.500579e+00
5.001173439724422e+00	2.500587e+00
5.001174439724422e+00	2.500587e+00
5.001190439724422e+00	2.500595e+00
5.001191439724422e+00	2.500596e+00
5.001207439724421e+00	2.500604e+00
5.001208439724421e+00	2.500604e+00
5.001224439724421e+00	2.500612e+00
5.001225439724421e+00	2.500613e+00
5.001241439724421e+00	2.500621e+00
5.001242439724421e+00	2.500621e+00
5.001258439724420e+00	2.500629e+00
5.001259439724421e+00	2.500630e+00
5.001275439724420e+00	2.500638e+00
5.001276439724420e+00	2.500638e+00
5.001292439724420e+00	2.500646e+00
5.001293439724420e+00	2.500647e+00
5.001309439724420e+00	2.500655e+00
5.001310439724420e+00	2.500655e+00
5.001326439724419e+00	2.500663e+00
5.001327439724419e+00	2.500664e+00
5.001343439724419e+00	2.500672e+00
5.001344439724419e+00	2.500672e+00
5.001358610469897e+00	2.500679e+00
5.001359610469898e+00	2.500680e+00
5.001375610469897e+00	2.500688e+00
5.001376610469897e+00	2.500688e+00
5.001392610469897e+00	2.500696e+00
5.001393610469897e+00	2.500697e+00
5.001409610469897e+00	2.500705e+00
5.001410610469897e+00	2.500705e+00
5.001426610469896e+00	2.500713e+00
5.001427610469896e+00	2.500714e+00
5.001443610469896e+00	2.500722e+00
5.001459905931005e+00	2.500730e+00
5.001475434402005e+00	2.500738e+00
5.001495434165999e+00	2.500748e+00
5.001514811619529e+00	2.500757e+00
5.001553566526589e+00	2.500777e+00
5.001596875348348e+00	2.500798e+00
5.001669445823014e+00	2.500835e+00
5.001814586772347e+00	2.500907e+00
5.002104868671012e+00	2.501052e+00
5.002623096016750e+00	2.501312e+00
5.002624096016750e+00	2.501312e+00
5.002640096016750e+00	2.501320e+00
5.002641096016750e+00	2.501321e+00
5.002657096016749e+00	2.501328e+00
5.002658096016749e+00	2.501329e+00
5.002674096016749e+00	2.501337e+00
5.002675096016749e+00	2.501338e+00
5.002684354671055e+00	2.501342e+00
5.002685354671055e+00	2.501343e+00
5.002690859684424e+00	2.501345e+00
5.002695909892769e+00	2.501348e+00
5.002706010309460e+00	2.501353e+00
5.002726211142841e+00	2.501363e+00
5.002766612809603e+00	2.501383e+00
5.002847416143129e+00	2.501424e+00
5.002848416143129e+00	2.501424e+00
5.002864416143129e+00	2.501432e+00
5.002865416143129e+00	2.501433e+00
5.002881416143128e+00	2.501441e+00
5.002882416143128e+00	2.501441e+00
5.002898416143128e+00	2.501449e+00
5.002899416143128e+00	2.501450e+00
5.002915416143128e+00	2.501458e+00
5.002916416143128e+00	2.501458e+00
5.002932416143127e+00	2.501466e+00
5.002933416143128e+00	2.501467e+00
5.002949416143127e+00	2.501475e+00
5.002950416143127e+00	2.501475e+00
5.002966416143127e+00	2.501483e+00
5.002967416143127e+00	2.501484e+00
5.002983416143127e+00	2.501492e+00
5.002984416143127e+00	2.501492e+00
5.003000416143126e+00	2.501500e+00
5.003001416143126e+00	2.501501e+00
5.003017416143126e+00	2.501509e+00
5.003018416143126e+00	2.501509e+00
5.003034416143126e+00	2.501517e+00
5.003060794049717e+00	2.501530e+00
5.003088850221173e+00	2.501544e+00
5.003139941075188e+00	2.501570e+00
5.003242122783216e+00	2.501621e+00
5.003446486199272e+00	2.501723e+00
5.003855213031385e+00	2.501928e+00
5.004672666695611e+00	2.502336e+00
5.006307574024063e+00	2.503154e+00
5.009577388680968e+00	2.504789e+00
5.016117017994777e+00	2.508059e+00
5.025882642994777e+00	2.512941e+00
5.035648267994777e+00	2.517824e+00
5.045413892994777e+00	2.522707e+00
5.055179517994777e+00	2.527590e+00
5.064945142994777e+00	2.532473e+00
5.074710767994777e+00	2.537355e+00
5.084476392994777e+00	2.542238e+00
5.094242017994777e+00	2.547121e+00
5.104007642994777e+00	2.552004e+00
5.113773267994777e+00	2.556887e+00
5.123538892994777e+00	2.561769e+00
5.133304517994777e+00	2.566652e+00
5.143070142994777e+00	2.571535e+00
5.152835767994777e+00	2.576418e+00
5.162601392994777e+00	2.581301e+00
5.172367017994777e+00	2.586184e+00
5.182132642994777e+00	2.591066e+00
5.191898267994777e+00	2.595949e+00
5.201663892994777e+00	2.600832e+00
5.211429517994777e+00	2.605715e+00
5.221195142994777e+00	2.610598e+00
5.230960767994777e+00	2.615480e+00
5.240726392994777e+00	2.620363e+00
5.250492017994777e+00	2.625246e+00
5.260257642994777e+00	2.630129e+00
5.270023267994777e+00	2.635012e+00
5.279788892994777e+00	2.639894e+00
5.289554517994777e+00	2.644777e+00
5.299320142994777e+00	2.649660e+00
5.309085767994777e+00	2.654543e+00
5.318851392994777e+00	2.659426e+00
5.328617017994777e+00	2.664309e+00
5.338382642994777e+00	2.669191e+00
5.348148267994777e+00	2.674074e+00
5.357913892994777e+00	2.678957e+00
5.367679517994777e+00	2.683840e+00
5.377445142994777e+00	2.688723e+00
5.387210767994777e+00	2.693605e+00
5.396976392994777e+00	2.698488e+00
5.406742017994777e+00	2.703371e+00
5.416507642994777e+00	2.708254e+00
5.426273267994777e+00	2.713137e+00
5.436038892994777e+00	2.718019e+00
5.445804517994777e+00	2.722902e+00
5.455570142994777e+00	2.727785e+00
5.465335767994777e+00	2.732668e+00
5.475101392994777e+00	2.737551e+00
5.484867017994777e+00	2.742434e+00
5.494632642994777e+00	2.747316e+00
5.504398267994777e+00	2.752199e+00
5.514163892994777e+00	2.757082e+00
5.523929517994777e+00	2.761965e+00
5.533695142994777e+00	2.766848e+00
5.543460767994777e+00	2.771730e+00
5.553226392994777e+00	2.776613e+00
5.562992017994777e+00	2.781496e+00
5.572757642994777e+00	2.786379e+00
5.582523267994777e+00	2.791262e+00
5.592288892994777e+00	2.796144e+00
5.602054517994777e+00	2.801027e+00
5.611820142994777e+00	2.805910e+00
5.621585767994777e+00	2.810793e+00
5.631351392994777e+00	2.815676e+00
5.641117017994777e+00	2.820559e+00
5.650882642994777e+00	2.825441e+00
5.660648267994777e+00	2.830324e+00
5.670413892994777e+00	2.835207e+00
5.680179517994777e+00	2.840090e+00
5.689945142994777e+00	2.844973e+00
5.699710767994777e+00	2.849855e+00
5.709476392994777e+00	2.854738e+00
5.719242017994777e+00	2.859621e+00
5.729007642994777e+00	2.864504e+00
5.738773267994777e+00	2.869387e+00
5.748538892994777e+00	2.874269e+00
5.758304517994777e+00	2.879152e+00
5.768070142994777e+00	2.884035e+00
5.777835767994777e+00	2.888918e+00
5.787601392994777e+00	2.893801e+00
5.797367017994777e+00	2.898684e+00
5.807132642994777e+00	2.903566e+00
5.816898267994777e+00	2.908449e+00
5.826663892994777e+00	2.913332e+00
5.836429517994777e+00	2.918215e+00
5.846195142994777e+00	2.923098e+00
5.855960767994777e+00	2.927980e+00
5.865726392994777e+00	2.932863e+00
5.875492017994777e+00	2.937746e+00
5.885257642994777e+00	2.942629e+00
5.895023267994777e+00	2.947512e+00
5.904788892994777e+00	2.952394e+00
5.914554517994777e+00	2.957277e+00
5.924320142994777e+00	2.962160e+00
5.934085767994777e+00	2.967043e+00
5.943851392994777e+00	2.971926e+00
5.953617017994777e+00	2.976809e+00
5.963382642994777e+00	2.981691e+00
5.973148267994777e+00	2.986574e+00
5.982913892994777e+00	2.991457e+00
5.992679517994777e+00	2.996340e+00
6.002445142994777e+00	3.001223e+00
6.012210767994777e+00	3.006105e+00
6.021976392994777e+00	3.010988e+00
6.031742017994777e+00	3.015871e+00
6.041507642994777e+00	3.020754e+00
6.051273267994777e+00	3.025637e+00
6.061038892994777e+00	3.030519e+00
6.070804517994777e+00	3.035402e+00
6.080570142994777e+00	3.040285e+00
6.090335767994777e+00	3.045168e+00
6.100101392994777e+00	3.050051e+00
6.109867017994777e+00	3.054934e+00
6.119632642994777e+00	3.059816e+00
6.129398267994777e+00	3.064699e+00
6.139163892994777e+00	3.069582e+00
6.148929517994777e+00	3.074465e+00
6.158695142994777e+00	3.079348e+00
6.168460767994777e+00	3.084230e+00
6.178226392994777e+00	3.089113e+00
6.187992017994777e+00	3.093996e+00
6.197757642994777e+00	3.098879e+00
6.207523267994777e+00	3.103762e+00
6.217288892994777e+00	3.108644e+00
6.227054517994777e+00	3.113527e+00
6.236820142994777e+00	3.118410e+00
6.246585767994777e+00	3.123293e+00
6.256351392994777e+00	3.128176e+00
6.266117017994777e+00	3.133059e+00
6.275882642994777e+00	3.137941e+00
6.285648267994777e+00	3.142824e+00
6.295413892994777e+00	3.147707e+00
6.305179517994777e+00	3.152590e+00
6.314945142994777e+00	3.157473e+00
6.324710767994777e+00	3.162355e+00
6.334476392994777e+00	3.167238e+00
6.344242017994777e+00	3.172121e+00
6.354007642994777e+00	3.177004e+00
6.363773267994777e+00	3.181887e+00
6.373538892994777e+00	3.186769e+00
6.383304517994777e+00	3.191652e+00
6.393070142994777e+00	3.196535e+00
6.402835767994777e+00	3.201418e+00
6.412601392994777e+00	3.206301e+00
6.422367017994777e+00	3.211184e+00
6.432132642994777e+00	3.216066e+00
6.441898267994777e+00	3.220949e+00
6.451663892994777e+00	3.225832e+00
6.461429517994777e+00	3.230715e+00
6.471195142994777e+00	3.235598e+00
6.480960767994777e+00	3.240480e+00
6.490726392994777e+00	3.245363e+00
6.500492017994777e+00	3.250246e+00
6.510257642994777e+00	3.255129e+00
6.520023267994777e+00	3.260012e+00
6.529788892994777e+00	3.264894e+00
6.539554517994777e+00	3.269777e+00
6.549320142994777e+00	3.274660e+00
6.559085767994777e+00	3.279543e+00
6.568851392994777e+00	3.284426e+00
6.578617017994777e+00	3.289309e+00
6.588382642994777e+00	3.294191e+00
6.598148267994777e+00	3.299074e+00
6.607913892994777e+00	3.303957e+00
6.617679517994777e+00	3.308840e+00
6.627445142994777e+00	3.313723e+00
6.637210767994777e+00	3.318605e+00
6.646976392994777e+00	3.323488e+00
6.656742017994777e+00	3.328371e+00
6.666507642994777e+00	3.333254e+00
6.676273267994777e+00	3.338137e+00
6.686038892994777e+00	3.343019e+00
6.695804517994777e+00	3.347902e+00
6.705570142994777e+00	3.352785e+00
6.715335767994777e+00	3.357668e+00
6.725101392994777e+00	3.362551e+00
6.734867017994777e+00	3.367434e+00
6.744632642994777e+00	3.372316e+00
6.754398267994777e+00	3.377199e+00
6.764163892994777e+00	3.382082e+00
6.773929517994777e+00	3.386965e+00
6.783695142994777e+00	3.391848e+00
6.793460767994777e+00	3.396730e+00
6.803226392994777e+00	3.401613e+00
6.812992017994777e+00	3.406496e+00
6.822757642994777e+00	3.411379e+00
6.832523267994777e+00	3.416262e+00
6.842288892994777e+00	3.421144e+00
6.852054517994777e+00	3.426027e+00
6.861820142994777e+00	3.430910e+00
6.871585767994777e+00	3.435793e+00
6.881351392994777e+00	3.440676e+00
6.891117017994777e+00	3.445559e+00
6.900882642994777e+00	3.450441e+00
6.910648267994777e+00	3.455324e+00
6.920413892994777e+00	3.460207e+00
6.930179517994777e+00	3.465090e+00
6.939945142994777e+00	3.469973e+00
6.949710767994777e+00	3.474855e+00
6.959476392994777e+00	3.479738e+00
6.969242017994777e+00	3.484621e+00
6.979007642994777e+00	3.489504e+00
6.988773267994777e+00	3.494387e+00
6.998538892994777e+00	3.499269e+00
7.008304517994777e+00	3.504152e+00
7.018070142994777e+00	3.509035e+00
7.027835767994777e+00	3.513918e+00
7.037601392994777e+00	3.518801e+00
7.047367017994777e+00	3.523684e+00
7.057132642994777e+00	3.528566e+00
7.066898267994777e+00	3.533449e+00
7.076663892994777e+00	3.538332e+00
7.086429517994777e+00	3.543215e+00
7.096195142994777e+00	3.548098e+00
7.105960767994777e+00	3.552980e+00
7.115726392994777e+00	3.557863e+00
7.125492017994777e+00	3.562746e+00
7.135257642994777e+00	3.567629e+00
7.145023267994777e+00	3.572512e+00
7.154788892994777e+00	3.577394e+00
7.164554517994777e+00	3.582277e+00
7.174320142994777e+00	3.587160e+00
7.184085767994777e+00	3.592043e+00
7.193851392994777e+00	3.596926e+00
7.203617017994777e+00	3.601809e+00
7.213382642994777e+00	3.606691e+00
7.223148267994777e+00	3.611574e+00
7.232913892994777e+00	3.616457e+00
7.242679517994777e+00	3.621340e+00
7.252445142994777e+00	3.626223e+00
7.262210767994777e+00	3.631105e+00
7.271976392994777e+00	3.635988e+00
7.281742017994777e+00	3.640871e+00
7.291507642994777e+00	3.645754e+00
7.301273267994777e+00	3.650637e+00
7.311038892994777e+00	3.655519e+00
7.320804517994777e+00	3.660402e+00
7.330570142994777e+00	3.665285e+00
7.340335767994777e+00	3.670168e+00
7.350101392994777e+00	3.675051e+00
7.359867017994777e+00	3.679934e+00
7.369632642994777e+00	3.684816e+00
7.379398267994777e+00	3.689699e+00
7.389163892994777e+00	3.694582e+00
7.398929517994777e+00	3.699465e+00
7.408695142994777e+00	3.704348e+00
7.418460767994777e+00	3.709230e+00
7.428226392994777e+00	3.714113e+00
7.437992017994777e+00	3.718996e+00
7.447757642994777e+00	3.723879e+00
7.457523267994777e+00	3.728762e+00
7.467288892994777e+00	3.733644e+00
7.477054517994777e+00	3.738527e+00
7.486820142994777e+00	3.743410e+00
7.496585767994777e+00	3.748293e+00
7.506351392994777e+00	3.753176e+00
7.516117017994777e+00	3.758059e+00
7.525882642994777e+00	3.762941e+00
7.535648267994777e+00	3.767824e+00
7.545413892994777e+00	3.772707e+00
7.555179517994777e+00	3.777590e+00
7.564945142994777e+00	3.782473e+00
7.574710767994777e+00	3.787355e+00
7.584476392994777e+00	3.792238e+00
7.594242017994777e+00	3.797121e+00
7.604007642994777e+00	3.802004e+00
7.613773267994777e+00	3.806887e+00
7.623538892994777e+00	3.811769e+00
7.633304517994777e+00	3.816652e+00
7.643070142994777e+00	3.821535e+00
7.652835767994777e+00	3.826418e+00
7.662601392994777e+00	3.831301e+00
7.672367017994777e+00	3.836184e+00
7.682132642994777e+00	3.841066e+00
7.691898267994777e+00	3.845949e+00
7.701663892994777e+00	3.850832e+00
7.711429517994777e+00	3.855715e+00
7.721195142994777e+00	3.860598e+00
7.730960767994777e+00	3.865480e+00
7.740726392994777e+00	3.870363e+00
7.750492017994777e+00	3.875246e+00
7.760257642994777e+00	3.880129e+00
7.770023267994777e+00	3.885012e+00
7.779788892994777e+00	3.889894e+00
7.789554517994777e+00	3.894777e+00
7.799320142994777e+00	3.899660e+00
7.809085767994777e+00	3.904543e+00
7.818851392994777e+00	3.909426e+00
7.828617017994777e+00	3.914309e+00
7.838382642994777e+00	3.919191e+00
7.848148267994777e+00	3.924074e+00
7.857913892994777e+00	3.928957e+00
7.867679517994777e+00	3.933840e+00
7.877445142994777e+00	3.938723e+00
7.887210767994777e+00	3.943605e+00
7.896976392994777e+00	3.948488e+00
7.906742017994777e+00	3.953371e+00
7.916507642994777e+00	3.958254e+00
7.926273267994777e+00	3.963137e+00
7.936038892994777e+00	3.968019e+00
7.945804517994777e+00	3.972902e+00
7.955570142994777e+00	3.977785e+00
7.965335767994777e+00	3.982668e+00
7.975101392994777e+00	3.987551e+00
7.984867017994777e+00	3.992434e+00
7.994632642994777e+00	3.997316e+00
8.004398267994777e+00	4.002199e+00
8.014163892994777e+00	4.007082e+00
8.023929517994777e+00	4.011965e+00
8.033695142994777e+00	4.016848e+00
8.043460767994777e+00	4.021730e+00
8.053226392994777e+00	4.026613e+00
8.062992017994777e+00	4.031496e+00
8.072757642994777e+00	4.036379e+00
8.082523267994777e+00	4.041262e+00
8.092288892994777e+00	4.046144e+00
8.102054517994777e+00	4.051027e+00
8.111820142994777e+00	4.055910e+00
8.121585767994777e+00	4.060793e+00
8.131351392994777e+00	4.065676e+00
8.141117017994777e+00	4.070559e+00
8.150882642994777e+00	4.075441e+00
8.160648267994777e+00	4.080324e+00
8.170413892994777e+00	4.085207e+00
8.180179517994777e+00	4.090090e+00
8.189945142994777e+00	4.094973e+00
8.199710767994777e+00	4.099855e+00
8.209476392994777e+00	4.104738e+00
8.219242017994777e+00	4.109621e+00
8.229007642994777e+00	4.114504e+00
8.238773267994777e+00	4.119387e+00
8.248538892994777e+00	4.124269e+00
8.258304517994777e+00	4.129152e+00
8.268070142994777e+00	4.134035e+00
8.277835767994777e+00	4.138918e+00
8.287601392994777e+00	4.143801e+00
8.297367017994777e+00	4.148684e+00
8.307132642994777e+00	4.153566e+00
8.316898267994777e+00	4.158449e+00
8.326663892994777e+00	4.163332e+00
8.336429517994777e+00	4.168215e+00
8.346195142994777e+00	4.173098e+00
8.355960767994777e+00	4.177980e+00
8.365726392994777e+00	4.182863e+00
8.375492017994777e+00	4.187746e+00
8.385257642994777e+00	4.192629e+00
8.395023267994777e+00	4.197512e+00
8.404788892994777e+00	4.202394e+00
8.414554517994777e+00	4.207277e+00
8.424320142994777e+00	4.212160e+00
8.434085767994777e+00	4.217043e+00
8.443851392994777e+00	4.221926e+00
8.453617017994777e+00	4.226809e+00
8.463382642994777e+00	4.231691e+00
8.473148267994777e+00	4.236574e+00
8.482913892994777e+00	4.241457e+00
8.492679517994777e+00	4.246340e+00
8.502445142994777e+00	4.251223e+00
8.512210767994777e+00	4.256105e+00
8.521976392994777e+00	4.260988e+00
8.531742017994777e+00	4.265871e+00
8.541507642994777e+00	4.270754e+00
8.551273267994777e+00	4.275637e+00
8.561038892994777e+00	4.280519e+00
8.570804517994777e+00	4.285402e+00
8.580570142994777e+00	4.290285e+00
8.590335767994777e+00	4.295168e+00
8.600101392994777e+00	4.300051e+00
8.609867017994777e+00	4.304934e+00
8.619632642994777e+00	4.309816e+00
8.629398267994777e+00	4.314699e+00
8.639163892994777e+00	4.319582e+00
8.648929517994777e+00	4.324465e+00
8.658695142994777e+00	4.329348e+00
8.668460767994777e+00	4.334230e+00
8.678226392994777e+00	4.339113e+00
8.687992017994777e+00	4.343996e+00
8.697757642994777e+00	4.348879e+00
8.707523267994777e+00	4.353762e+00
8.717288892994777e+00	4.358644e+00
8.727054517994777e+00	4.363527e+00
8.736820142994777e+00	4.368410e+00
8.746585767994777e+00	4.373293e+00
8.756351392994777e+00	4.378176e+00
8.766117017994777e+00	4.383059e+00
8.775882642994777e+00	4.387941e+00
8.785648267994777e+00	4.392824e+00
8.795413892994777e+00	4.397707e+00
8.805179517994777e+00	4.402590e+00
8.814945142994777e+00	4.407473e+00
8.824710767994777e+00	4.412355e+00
8.834476392994777e+00	4.417238e+00
8.844242017994777e+00	4.422121e+00
8.854007642994777e+00	4.427004e+00
8.863773267994777e+00	4.431887e+00
8.873538892994777e+00	4.436769e+00
8.883304517994777e+00	4.441652e+00
8.893070142994777e+00	4.446535e+00
8.902835767994777e+00	4.451418e+00
8.912601392994777e+00	4.456301e+00
8.922367017994777e+00	4.461184e+00
8.932132642994777e+00	4.466066e+00
8.941898267994777e+00	4.470949e+00
8.951663892994777e+00	4.475832e+00
8.961429517994777e+00	4.480715e+00
8.971195142994777e+00	4.485598e+00
8.980960767994777e+00	4.490480e+00
8.990726392994777e+00	4.495363e+00
9.000492017994777e+00	4.500246e+00
9.010257642994777e+00	4.505129e+00
9.020023267994777e+00	4.510012e+00
9.029788892994777e+00	4.514894e+00
9.039554517994777e+00	4.519777e+00
9.049320142994777e+00	4.524660e+00
9.059085767994777e+00	4.529543e+00
9.068851392994777e+00	4.534426e+00
9.078617017994777e+00	4.539309e+00
9.088382642994777e+00	4.544191e+00
9.098148267994777e+00	4.549074e+00
9.107913892994777e+00	4.553957e+00
9.117679517994777e+00	4.558840e+00
9.127445142994777e+00	4.563723e+00
9.137210767994777e+00	4.568605e+00
9.146976392994777e+00	4.573488e+00
9.156742017994777e+00	4.578371e+00
9.166507642994777e+00	4.583254e+00
9.176273267994777e+00	4.588137e+00
9.186038892994777e+00	4.593019e+00
9.195804517994777e+00	4.597902e+00
9.205570142994777e+00	4.602785e+00
9.215335767994777e+00	4.607668e+00
9.225101392994777e+00	4.612551e+00
9.234867017994777e+00	4.617434e+00
9.244632642994777e+00	4.622316e+00
9.254398267994777e+00	4.627199e+00
9.264163892994777e+00	4.632082e+00
9.273929517994777e+00	4.636965e+00
9.283695142994777e+00	4.641848e+00
9.293460767994777e+00	4.646730e+00
9.303226392994777e+00	4.651613e+00
9.312992017994777e+00	4.656496e+00
9.322757642994777e+00	4.661379e+00
9.332523267994777e+00	4.666262e+00
9.342288892994777e+00	4.671144e+00
9.352054517994777e+00	4.676027e+00
9.361820142994777e+00	4.680910e+00
9.371585767994777e+00	4.685793e+00
9.381351392994777e+00	4.690676e+00
9.391117017994777e+00	4.695559e+00
9.400882642994777e+00	4.700441e+00
9.410648267994777e+00	4.705324e+00
9.420413892994777e+00	4.710207e+00
9.430179517994777e+00	4.715090e+00
9.439945142994777e+00	4.719973e+00
9.449710767994777e+00	4.724855e+00
9.459476392994777e+00	4.729738e+00
9.469242017994777e+00	4.734621e+00
9.479007642994777e+00	4.739504e+00
9.488773267994777e+00	4.744387e+00
9.498538892994777e+00	4.749269e+00
9.508304517994777e+00	4.754152e+00
9.518070142994777e+00	4.759035e+00
9.527835767994777e+00	4.763918e+00
9.537601392994777e+00	4.768801e+00
9.547367017994777e+00	4.773684e+00
9.557132642994777e+00	4.778566e+00
9.566898267994777e+00	4.783449e+00
9.576663892994777e+00	4.788332e+00
9.586429517994777e+00	4.793215e+00
9.596195142994777e+00	4.798098e+00
9.605960767994777e+00	4.802980e+00
9.615726392994777e+00	4.807863e+00
9.625492017994777e+00	4.812746e+00
9.635257642994777e+00	4.817629e+00
9.645023267994777e+00	4.822512e+00
9.654788892994777e+00	4.827394e+00
9.664554517994777e+00	4.832277e+00
9.674320142994777e+00	4.837160e+00
9.684085767994777e+00	4.842043e+00
9.693851392994777e+00	4.846926e+00
9.703617017994777e+00	4.851809e+00
9.713382642994777e+00	4.856691e+00
9.723148267994777e+00	4.861574e+00
9.732913892994777e+00	4.866457e+00
9.742679517994777e+00	4.871340e+00
9.752445142994777e+00	4.876223e+00
9.762210767994777e+00	4.881105e+00
9.771976392994777e+00	4.885988e+00
9.781742017994777e+00	4.890871e+00
9.791507642994777e+00	4.895754e+00
9.801273267994777e+00	4.900637e+00
9.811038892994777e+00	4.905519e+00
9.820804517994777e+00	4.910402e+00
9.830570142994777e+00	4.915285e+00
9.840335767994777e+00	4.920168e+00
9.850101392994777e+00	4.925051e+00
9.859867017994777e+00	4.929934e+00
9.869632642994777e+00	4.934816e+00
9.879398267994777e+00	4.939699e+00
9.889163892994777e+00	4.944582e+00
9.898929517994777e+00	4.949465e+00
9.908695142994777e+00	4.954348e+00
9.918460767994777e+00	4.959230e+00
9.928226392994777e+00	4.964113e+00
9.937992017994777e+00	4.968996e+00
9.947757642994777e+00	4.973879e+00
9.957523267994777e+00	4.978762e+00
9.967288892994777e+00	4.983644e+00
9.977054517994777e+00	4.988527e+00
9.986820142994777e+00	4.993410e+00
9.996585767994777e+00	4.998293e+00
1.000000000000000e+01	5.000000e+00
